3 25 23 27 16 17 26 31 18 24 11 1 8 31 13 33 3 1 17 0 18 1 34 13 3 15 28 8 1 30
*
23 20 20 23 1 8 8 20 3 27 22 11 30 25 7 2 20 1 28 19 14 18 10 14 33 2 32 4 3 5
*
24 16 10 13 28 27 26 12 29 27 28 12 29 13 13 11 20 15 9 19 14 29 6 13 33 2 5 2 1 14
*
4 24 9 18 1 14 26 12 29 24 31 10 27 12 17 5 20 29 9 26 20 2 26 18 10 4 9 2 0 7
*
9 12 9 23 4 0 8 4 27 24 9 11 28 13 6 5 24 29 9 26 16 28 13 18 5 1 18 8 3 9
*
12 32 9 2 23 0 23 4 2 14 22 11 16 25 6 22 9 15 9 26 16 5 31 0 5 0 18 2 0 4
*
9 21 9 29 28 14 23 16 29 14 22 10 18 25 17 8 24 15 10 26 5 21 12 14 5 27 5 12 2 7
*
9 16 9 23 28 0 0 5 5 14 6 10 33 9 13 5 9 15 9 26 15 21 16 9 6 2 5 8 2 14
*
0 28 9 23 4 0 6 5 3 14 22 6 21 25 7 5 6 1 17 26 5 32 25 17 6 15 18 12 0 4
*
10 24 3 13 4 34 23 5 13 16 21 11 29 26 17 5 9 1 9 26 14 5 6 17 6 1 18 8 0 11
*
0 34 9 29 4 14 23 34 2 14 3 11 21 9 1 5 9 1 5 26 14 5 31 13 6 1 18 2 2 3
*
0 34 9 29 4 14 23 34 2 14 3 11 21 9 1 5 9 1 5 26 14 5 31 13 6 1 18 2 2 3
*
10 16 3 13 28 14 0 9 3 16 3 11 21 33 7 5 9 1 5 26 13 21 16 9 6 1 5 8 0 4
*
17 28 3 20 22 14 23 9 2 14 28 11 21 33 7 8 9 1 5 26 7 32 23 13 6 27 5 8 0 4
*
17 28 3 20 22 14 23 9 2 14 28 11 21 33 7 8 9 1 5 26 7 32 23 13 6 27 5 8 0 4
*
17 28 3 20 22 14 23 9 2 14 28 11 21 33 7 8 9 1 5 26 7 32 23 13 6 27 5 8 0 4
*
17 12 19 20 23 14 23 34 13 16 3 11 18 12 7 5 9 15 9 26 11 5 25 26 6 15 5 12 0 4
*
9 13 19 20 28 14 23 9 5 14 31 11 33 9 7 22 4 15 5 26 20 21 31 0 33 27 14 12 0 14
*
9 13 19 20 28 14 23 9 5 14 31 11 33 9 7 22 4 15 5 26 20 21 31 0 33 27 14 12 0 14
*
0 12 19 2 20 14 23 9 29 14 21 10 21 33 17 20 24 1 9 26 11 32 25 17 33 1 5 2 0 4
*
0 12 19 2 20 14 23 9 29 14 21 10 21 33 17 20 24 1 9 26 11 32 25 17 33 1 5 2 0 4
*
17 28 3 23 28 14 23 9 3 14 9 6 33 12 1 5 24 1 9 26 11 5 25 12 33 0 5 8 0 4
*
23 24 19 13 23 34 23 34 13 14 17 11 28 1 7 5 24 1 5 26 1 32 6 9 33 0 12 12 0 4
*
23 24 19 13 23 34 23 34 13 14 17 11 28 1 7 5 24 1 5 26 1 32 6 9 33 0 12 12 0 4
*
9 13 3 29 4 14 0 9 2 14 21 11 21 33 17 5 24 1 9 26 13 5 16 0 6 0 32 2 0 4
*
23 12 9 31 23 14 6 34 3 14 17 11 21 9 7 8 24 15 5 26 18 0 25 17 6 21 18 8 0 4
*
23 32 9 29 28 14 0 16 2 14 21 11 33 9 7 8 4 1 9 26 18 5 16 0 33 15 12 12 0 7
*
23 32 9 29 28 14 0 16 2 14 21 11 33 9 7 8 4 1 9 26 18 5 16 0 33 15 12 12 0 7
*
23 32 9 29 28 14 0 16 2 14 21 11 33 9 7 8 4 1 9 26 18 5 16 0 33 15 12 12 0 7
*
23 32 9 29 28 14 0 16 2 14 21 11 33 9 7 8 4 1 9 26 18 5 16 0 33 15 12 12 0 7
*
9 32 3 31 28 14 6 34 29 14 3 6 21 1 7 5 24 15 9 26 20 5 25 0 6 0 14 8 0 7
*
9 32 3 31 28 14 6 34 29 14 3 6 21 1 7 5 24 15 9 26 20 5 25 0 6 0 14 8 0 7
*
23 32 19 29 23 34 23 16 2 14 3 11 28 9 6 20 24 15 17 26 18 5 25 12 33 0 12 2 0 4
*
9 13 9 13 28 13 23 16 3 14 17 10 18 12 6 20 24 15 9 26 18 0 6 12 6 1 32 2 0 4
*
9 13 9 13 28 13 23 16 3 14 17 10 18 12 6 20 24 15 9 26 18 0 6 12 6 1 32 2 0 4
*
23 13 9 31 32 14 0 34 2 14 21 6 18 1 7 8 9 1 9 26 18 0 6 21 33 0 32 8 0 4
*
17 28 9 23 28 14 6 9 2 14 28 10 18 9 29 8 9 1 17 26 1 5 16 17 6 0 5 12 0 14
*
17 28 9 23 28 14 6 9 2 14 28 10 18 9 29 8 9 1 17 26 1 5 16 17 6 0 5 12 0 14
*
17 28 9 23 28 14 6 9 2 14 28 10 18 9 29 8 9 1 17 26 1 5 16 17 6 0 5 12 0 14
*
17 12 9 23 23 14 23 34 13 14 9 11 33 9 7 5 24 15 5 26 18 32 6 0 33 0 18 2 0 14
*
17 12 9 23 23 14 23 34 13 14 9 11 33 9 7 5 24 15 5 26 18 32 6 0 33 0 18 2 0 14
*
17 12 9 23 23 14 23 34 13 14 9 11 33 9 7 5 24 15 5 26 18 32 6 0 33 0 18 2 0 14
*
17 12 9 23 23 14 23 34 13 14 9 11 33 9 7 5 24 15 5 26 18 32 6 0 33 0 18 2 0 14
*
17 12 9 2 28 14 23 34 13 14 21 11 33 9 6 5 9 15 9 26 18 5 16 17 6 27 32 2 0 14
*
17 12 9 2 28 14 23 34 13 14 21 11 33 9 6 5 9 15 9 26 18 5 16 17 6 27 32 2 0 14
*
17 12 9 2 28 14 23 34 13 14 21 11 33 9 6 5 9 15 9 26 18 5 16 17 6 27 32 2 0 14
*
23 13 3 31 4 14 23 34 5 14 31 10 21 9 29 5 9 15 9 26 18 5 25 17 6 27 32 2 0 14
*
23 28 3 13 23 14 0 9 13 14 21 11 33 9 1 8 9 15 9 26 18 32 25 12 33 15 12 2 0 4
*
23 12 3 13 23 14 23 9 2 14 9 11 21 12 1 8 24 15 9 26 18 32 25 17 6 21 5 12 0 7
*
23 12 3 13 23 14 23 9 2 14 9 11 21 12 1 8 24 15 9 26 18 32 25 17 6 21 5 12 0 7
*
0 32 3 23 23 14 0 9 3 14 21 10 33 12 6 5 9 15 12 26 1 5 25 12 6 21 12 8 0 7
*
0 13 3 2 23 14 0 34 5 14 17 11 33 12 6 5 0 15 12 26 18 5 6 4 33 15 12 8 0 4
*
17 16 3 31 23 14 23 9 3 14 9 10 21 33 7 8 0 15 17 26 18 32 6 4 6 15 12 2 0 7
*
17 13 3 13 28 14 23 9 5 14 9 11 21 9 1 5 24 15 12 26 1 5 16 4 6 15 5 2 0 14
*
17 13 3 13 28 14 23 9 5 14 9 11 21 9 1 5 24 15 12 26 1 5 16 4 6 15 5 2 0 14
*
9 28 9 31 4 14 23 34 13 14 9 10 21 9 1 5 9 1 5 26 20 32 25 26 6 15 32 12 0 4
*
9 28 3 2 4 14 0 34 13 14 31 11 21 33 17 8 0 15 12 26 20 5 6 13 33 21 32 12 0 4
*
17 28 3 31 4 14 0 34 29 14 9 11 21 33 1 5 0 1 17 26 18 5 6 12 6 27 32 12 0 14
*
17 28 3 31 4 14 0 34 29 14 9 11 21 33 1 5 0 1 17 26 18 5 6 12 6 27 32 12 0 14
*
0 16 9 13 4 14 0 9 13 14 31 10 33 9 1 5 0 15 12 26 18 5 25 26 6 4 12 2 0 14
*
23 28 3 23 28 14 0 9 3 14 17 10 33 12 17 8 9 1 17 26 1 5 25 4 6 27 32 12 0 14
*
9 24 9 2 28 14 0 34 3 14 17 11 21 9 29 5 9 15 17 26 1 32 16 13 6 15 12 8 0 4
*
23 28 9 2 23 14 0 34 29 14 31 11 21 33 7 8 24 15 12 26 18 5 6 13 33 15 18 2 0 4
*
23 28 9 2 23 14 0 34 29 14 31 11 21 33 7 8 24 15 12 26 18 5 6 13 33 15 18 2 0 4
*
17 28 3 2 23 14 0 9 2 14 3 10 33 33 7 8 24 15 12 26 20 5 16 12 6 27 5 2 0 14
*
17 13 9 23 4 14 23 34 13 14 21 11 21 33 29 8 24 15 12 26 20 5 6 26 6 21 5 8 0 4
*
23 24 9 23 23 14 23 34 2 14 3 10 18 12 1 5 0 15 9 26 1 5 6 26 33 21 18 8 0 4
*
9 13 9 13 23 14 0 9 13 14 31 10 18 9 6 5 24 1 5 26 18 5 25 13 33 1 12 2 0 4
*
17 32 3 23 4 14 23 34 29 14 31 11 18 12 29 5 24 15 5 26 1 5 25 26 33 27 12 2 0 4
*
9 28 3 31 4 14 23 9 13 14 17 10 18 9 1 8 24 1 5 26 18 32 25 12 33 21 5 12 0 14
*
17 28 3 13 23 14 23 9 5 14 31 11 21 9 7 8 9 1 9 26 1 32 25 26 33 4 32 12 0 4
*
17 28 3 13 23 14 23 9 5 14 31 11 21 9 7 8 9 1 9 26 1 32 25 26 33 4 32 12 0 4
*
17 28 3 13 23 14 23 9 5 14 31 11 21 9 7 8 9 1 9 26 1 32 25 26 33 4 32 12 0 4
*
23 12 9 2 28 14 23 34 3 14 3 10 21 9 29 8 24 1 5 26 1 5 6 13 33 27 18 12 0 7
*
17 28 9 31 28 14 23 34 13 14 17 10 18 9 1 8 9 1 9 26 20 32 16 12 33 21 5 8 0 4
*
0 12 3 23 28 14 0 34 5 14 31 10 18 9 29 8 0 1 17 26 18 5 16 13 6 27 5 8 0 14
*
9 12 3 2 23 14 23 9 2 14 17 11 21 33 1 8 9 1 12 26 1 5 16 26 6 15 12 12 0 14
*
17 24 9 31 23 14 0 9 13 14 31 10 33 33 7 8 0 1 17 26 20 32 6 12 33 21 5 8 0 14
*
17 24 3 31 23 14 23 34 2 14 21 11 21 9 17 5 24 1 5 26 18 5 16 17 33 21 18 8 0 14
*
17 24 3 31 23 14 23 34 2 14 21 11 21 9 17 5 24 1 5 26 18 5 16 17 33 21 18 8 0 14
*
17 24 3 31 23 14 23 34 2 14 21 11 21 9 17 5 24 1 5 26 18 5 16 17 33 21 18 8 0 14
*
9 24 3 23 28 14 23 34 13 14 21 11 18 33 1 8 9 15 5 26 20 32 6 17 33 15 32 8 0 4
*
9 24 3 23 28 14 23 34 13 14 21 11 18 33 1 8 9 15 5 26 20 32 6 17 33 15 32 8 0 4
*
17 16 3 23 23 14 23 9 5 14 17 11 21 9 7 8 9 1 17 26 18 5 16 12 6 21 18 2 0 14
*
17 16 3 23 23 14 23 9 5 14 17 11 21 9 7 8 9 1 17 26 18 5 16 12 6 21 18 2 0 14
*
0 28 9 13 4 14 0 9 2 14 21 11 18 33 1 8 24 1 9 26 1 32 25 26 33 15 5 8 0 4
*
9 28 9 13 23 14 23 9 3 14 31 10 33 9 7 5 0 15 5 26 1 32 25 4 6 21 32 2 0 14
*
23 24 9 23 23 14 0 34 13 14 31 11 18 33 1 8 9 15 12 26 1 5 6 0 6 0 5 2 0 14
*
0 28 9 31 4 14 23 9 29 14 9 10 33 9 17 8 24 15 5 26 1 5 16 17 33 0 18 2 0 7
*
23 28 9 23 28 14 0 9 29 14 9 10 18 9 7 8 0 1 12 26 20 5 6 13 33 0 18 2 0 4
*
23 28 9 23 28 14 0 9 29 14 9 10 18 9 7 8 0 1 12 26 20 5 6 13 33 0 18 2 0 4
*
23 28 9 23 28 14 0 9 29 14 9 10 18 9 7 8 0 1 12 26 20 5 6 13 33 0 18 2 0 4
*
9 28 9 23 28 14 0 9 5 14 3 10 18 9 7 8 24 1 12 26 20 32 25 0 6 1 32 8 0 7
*
23 12 9 31 23 14 0 34 29 14 17 11 33 33 29 5 24 1 9 26 18 5 16 17 33 1 32 8 0 4
*
23 12 9 31 23 14 0 34 29 14 17 11 33 33 29 5 24 1 9 26 18 5 16 17 33 1 32 8 0 4
*
23 16 9 31 23 14 23 9 13 14 3 11 33 9 17 5 24 15 9 26 1 32 16 12 6 21 12 2 0 4
*
17 24 9 23 4 14 0 9 13 14 9 11 18 12 6 5 9 1 12 26 18 32 25 4 6 15 12 2 0 7
*
9 12 3 2 23 14 0 9 2 14 3 11 21 9 7 8 24 15 9 26 1 32 6 26 33 4 18 12 0 4
*
9 12 3 2 23 14 0 9 2 14 3 11 21 9 7 8 24 15 9 26 1 32 6 26 33 4 18 12 0 4
*
9 16 3 31 4 14 0 9 29 14 9 10 33 33 17 8 24 15 17 26 18 5 25 17 6 15 32 2 0 4
