14 8 5 12 1 8 1 2 2 5 4 10 12 7 10
*
9 9 14 11 1 7 1 12 7 10 6 12 6 4 0
*
8 7 11 11 10 7 1 6 7 3 12 13 10 3 12
*
9 1 11 14 9 7 1 13 8 0 2 13 9 4 1
*
9 1 11 14 9 7 1 13 8 0 2 13 9 4 1
*
9 1 11 14 9 7 1 13 8 0 2 13 9 4 1
*
9 1 11 14 9 7 1 13 8 0 2 13 9 4 1
*
9 1 11 14 9 7 1 13 8 0 2 13 9 4 1
*
12 3 13 14 9 8 0 13 6 0 13 13 9 3 14
*
9 8 13 14 9 8 0 9 8 3 12 8 6 2 10
*
9 8 13 14 9 8 0 9 8 3 12 8 6 2 10
*
9 8 13 14 9 8 0 9 8 3 12 8 6 2 10
*
9 7 13 11 9 8 0 8 8 5 12 7 9 2 14
*
8 3 13 11 8 7 1 12 7 2 4 12 8 2 0
*
8 7 13 7 8 7 1 12 7 2 4 8 9 2 0
*
8 8 13 14 8 7 0 12 7 2 12 7 8 2 0
*
8 8 13 14 8 7 0 12 7 2 12 7 8 2 0
*
8 8 13 14 8 7 0 12 7 2 12 7 8 2 0
*
8 2 13 14 8 7 0 12 7 2 12 7 8 2 0
*
8 2 13 14 8 7 0 12 7 2 12 7 8 2 0
*
8 2 13 14 8 7 0 12 7 2 12 7 8 2 0
*
8 2 13 14 8 7 0 12 7 2 12 7 8 2 0
*
8 12 13 14 8 7 0 12 7 2 12 7 8 2 0
*
8 7 13 14 8 7 0 12 7 2 12 7 8 2 10
*
8 7 13 14 8 7 0 12 7 2 12 7 8 2 10
*
8 7 13 14 8 7 0 12 7 2 12 7 8 2 10
*
8 7 13 14 8 7 0 8 7 2 12 7 8 2 0
*
8 2 13 14 8 7 0 12 7 2 12 7 8 2 0
*
8 2 13 14 8 7 0 12 7 2 12 7 8 2 0
*
8 2 13 14 8 7 0 12 7 2 12 7 8 2 0
*
8 7 13 14 8 7 0 12 7 2 12 7 8 2 0
*
8 2 13 13 8 7 0 12 7 2 12 7 8 2 0
*
8 2 13 13 8 7 0 12 7 2 12 7 8 2 0
*
8 2 13 13 8 7 0 12 7 2 12 7 8 2 0
*
8 2 13 13 8 7 0 12 7 2 12 7 8 2 0
*
8 2 13 13 8 7 0 12 7 2 12 7 8 2 0
*
8 2 13 13 8 7 0 12 7 2 12 7 8 2 0
*
8 2 13 13 8 7 0 12 7 2 12 7 8 2 0
*
8 2 13 13 8 7 0 12 7 2 12 7 8 2 0
*
8 2 13 14 7 7 0 12 7 2 12 7 8 2 0
*
8 12 13 14 8 7 0 8 7 2 12 7 8 2 10
*
8 7 13 14 8 7 0 12 7 2 12 7 8 2 10
*
8 7 13 14 8 7 0 12 7 2 12 7 8 2 10
*
8 7 13 14 8 7 0 12 7 2 12 7 8 2 10
*
8 7 13 14 8 7 0 12 7 2 12 7 8 2 10
*
8 7 13 14 8 7 0 12 7 2 12 7 8 2 0
*
8 7 13 14 8 7 0 12 7 2 12 7 8 2 0
*
8 7 13 14 8 7 0 12 7 2 12 7 8 2 0
*
8 12 13 14 8 7 0 12 7 2 12 7 8 2 4
*
8 12 13 14 8 7 0 12 7 2 12 7 8 2 4
*
8 3 13 14 8 7 0 12 7 2 12 7 8 2 0
*
8 12 13 14 8 7 0 12 7 2 12 7 8 2 0
*
8 12 13 14 8 7 0 12 7 2 12 7 8 2 0
*
8 12 13 14 8 7 0 12 7 2 12 7 8 2 0
*
8 2 13 14 8 7 0 12 7 2 12 7 8 2 0
*
8 2 13 14 8 7 0 12 7 2 12 7 8 2 0
*
8 7 13 14 8 7 0 12 7 2 12 7 8 2 0
*
8 7 13 14 8 7 0 12 7 2 12 7 8 2 0
*
8 7 13 14 8 7 0 12 7 2 12 7 8 2 0
*
8 7 13 14 8 7 0 12 7 2 12 7 8 2 0
*
8 7 13 14 8 7 0 12 7 2 12 7 8 2 0
*
8 7 13 14 8 7 0 12 7 2 12 7 8 2 0
*
8 7 13 14 8 7 0 12 7 2 12 7 8 2 0
*
8 7 13 14 8 7 0 12 7 2 12 7 8 2 0
*
8 7 13 14 8 7 0 12 7 2 12 7 8 2 0
*
8 7 13 14 8 7 0 12 7 2 12 7 8 2 0
*
8 7 13 14 8 7 0 12 7 2 12 7 8 2 0
*
8 7 13 14 8 7 0 12 7 2 12 7 8 2 0
*
8 7 13 14 8 7 0 12 7 2 12 7 8 2 0
*
8 7 13 14 8 7 0 12 7 2 12 7 8 2 0
*
8 7 13 14 8 7 0 12 7 2 12 7 8 2 0
*
8 7 13 14 8 7 0 12 7 2 12 7 8 2 0
*
8 7 13 14 8 7 0 12 7 2 12 7 8 2 0
*
8 7 13 14 8 7 0 12 7 2 12 7 8 2 0
*
8 7 13 14 8 7 0 12 7 2 12 7 8 2 0
*
8 7 13 14 8 7 0 12 7 2 12 7 8 2 0
*
8 7 13 14 8 7 0 12 7 2 12 7 8 2 0
*
8 7 13 14 8 7 0 12 7 2 12 7 8 2 0
*
8 7 13 14 8 7 0 12 7 2 12 7 8 2 0
*
2 2 13 14 8 7 0 12 7 2 12 7 8 2 10
*
8 7 13 14 8 7 0 12 7 2 12 7 8 2 0
*
8 7 13 14 8 7 0 12 7 2 12 7 8 2 0
*
8 7 13 14 8 7 0 12 7 2 12 7 8 2 0
*
8 7 13 14 8 7 0 12 7 2 12 7 8 2 0
*
8 7 13 14 8 7 0 12 7 2 12 7 8 2 0
*
8 7 13 14 8 7 0 12 7 2 12 7 8 2 0
*
8 7 13 14 8 7 0 12 7 2 12 7 8 2 0
*
8 7 13 14 8 7 0 12 7 2 12 7 8 2 0
*
8 7 13 14 8 7 0 12 7 2 12 7 8 2 0
*
8 7 13 14 8 7 0 12 7 2 12 7 8 2 0
*
8 7 13 14 8 7 0 12 7 2 12 7 8 2 0
*
8 7 13 14 8 7 0 12 7 2 12 7 8 2 0
*
8 7 13 14 8 7 0 12 7 2 12 7 8 2 0
*
8 7 13 14 8 7 0 12 7 2 12 7 8 2 0
*
8 7 13 14 8 7 0 12 7 2 12 7 8 2 0
*
8 7 13 14 8 7 0 12 7 2 12 7 8 2 0
*
8 12 13 14 8 10 0 8 7 2 12 7 8 2 0
*
8 7 13 14 8 7 0 12 7 2 12 7 0 2 0
*
8 12 13 14 8 7 0 12 7 2 12 7 8 2 10
*
8 7 13 14 8 7 0 8 7 2 12 7 8 2 0
*
8 7 13 14 8 7 0 8 7 2 12 7 8 2 0
*
8 7 13 14 8 7 0 12 7 2 12 7 8 2 0
*
8 7 13 14 8 7 0 12 7 2 12 7 8 2 0
*
8 7 13 14 8 7 0 12 7 2 12 7 8 2 0
*
8 7 13 14 8 7 0 12 7 2 12 7 8 2 0
*
8 7 13 14 8 7 0 12 7 2 12 7 8 2 0
*
8 7 13 14 8 7 0 12 7 2 12 7 8 2 0
*
8 7 13 14 8 7 0 12 7 2 12 7 8 2 0
*
8 7 13 14 8 7 0 12 7 2 12 7 8 2 0
*
8 7 13 14 8 7 0 12 7 2 12 7 8 2 0
*
8 7 13 14 8 7 0 12 7 2 12 7 8 2 0
*
8 7 13 14 8 7 0 12 7 2 12 7 8 2 0
*
8 7 13 14 8 7 0 12 7 2 12 7 8 2 0
*
8 7 13 14 8 7 0 12 7 2 12 7 8 2 0
*
8 7 13 14 8 7 0 12 7 2 12 10 8 2 0
*
8 2 13 14 8 7 0 12 7 2 12 6 8 2 0
*
8 2 13 14 8 7 0 12 7 2 12 6 8 2 0
*
8 2 13 14 8 7 0 12 7 2 12 7 8 2 10
*
8 12 13 14 8 7 0 12 7 2 12 7 8 2 10
*
8 12 13 14 8 7 0 12 7 2 12 7 8 2 10
*
8 7 13 14 8 7 0 12 7 2 12 11 8 2 0
*
8 7 13 14 8 7 0 12 7 2 12 7 8 2 0
*
8 7 13 14 8 7 0 12 7 2 12 7 8 2 0
*
8 7 13 14 8 7 0 12 7 2 12 7 8 2 0
*
8 7 13 14 8 7 0 12 7 2 12 7 8 2 0
*
8 7 13 14 8 7 0 12 7 2 12 7 8 2 0
*
8 7 13 14 8 7 0 12 7 2 12 7 8 2 0
*
8 7 13 14 8 7 0 12 7 2 12 7 8 2 0
*
8 2 13 14 8 7 0 12 7 2 12 3 8 2 0
*
8 7 13 14 8 7 0 8 7 5 12 7 8 2 10
*
8 7 13 14 8 7 0 12 7 2 12 7 8 2 10
*
8 7 13 14 8 7 0 12 7 2 12 7 8 2 0
*
8 7 13 14 8 7 0 12 7 2 12 7 8 2 0
*
8 7 13 14 8 7 0 12 7 2 12 7 8 2 0
*
8 7 13 14 8 7 0 12 7 2 12 7 8 2 0
*
8 7 13 14 8 7 0 12 7 2 12 7 8 2 0
*
8 7 13 14 8 7 0 12 7 2 12 7 8 2 0
*
8 7 13 14 8 7 0 12 7 2 12 7 8 2 0
*
8 7 13 14 8 7 0 12 7 2 12 7 8 2 0
*
8 7 13 14 8 7 0 12 7 2 12 7 8 2 0
*
8 7 13 14 8 7 0 12 7 2 12 7 8 2 0
*
8 7 13 14 8 7 0 12 7 2 12 7 8 2 0
*
8 7 13 14 8 7 0 12 7 2 12 7 8 2 0
*
8 7 13 14 8 7 0 12 7 2 12 7 8 2 0
*
8 7 13 14 8 7 0 12 7 2 12 7 8 2 0
*
8 7 13 14 8 7 0 12 7 2 12 7 8 2 0
*
8 7 13 14 8 7 0 12 7 2 12 7 8 2 0
*
8 7 13 14 8 7 0 12 7 2 12 7 8 2 0
*
8 7 13 14 8 7 0 12 7 2 12 7 8 2 0
*
8 7 13 14 8 7 0 12 7 2 12 7 8 2 0
*
8 7 13 14 8 7 0 12 7 2 12 7 8 2 0
*
8 7 13 14 8 7 0 12 7 2 12 7 8 2 0
*
8 7 13 14 8 7 0 12 7 2 12 7 8 2 0
*
8 7 13 14 8 7 0 12 7 2 12 7 8 2 0
*
8 7 13 14 8 7 0 12 7 2 12 7 8 2 0
*
8 7 13 14 8 7 0 12 7 2 12 7 8 2 0
*
8 7 13 14 8 7 0 12 7 2 12 7 8 2 0
*
8 7 13 14 8 7 0 12 7 2 12 7 8 2 0
*
8 7 13 14 8 7 0 12 7 2 12 7 8 2 0
*
8 7 13 14 8 7 0 12 7 2 12 7 8 2 0
*
8 7 13 14 8 7 0 12 7 2 12 7 8 2 0
*
8 7 13 14 8 7 0 12 7 2 12 7 8 2 0
*
8 7 13 14 8 7 0 12 7 2 12 7 8 2 0
*
8 7 13 14 8 7 0 12 7 2 12 7 8 2 0
*
8 7 13 14 8 7 0 12 7 2 12 7 8 2 0
*
8 7 13 14 8 7 0 12 7 2 12 7 8 2 0
*
8 7 13 14 8 7 0 12 7 2 12 7 8 2 0
*
8 7 13 14 8 7 0 12 7 2 12 7 8 2 0
*
8 7 13 14 8 7 0 12 7 2 12 7 8 2 0
*
8 7 13 14 8 7 0 12 7 2 12 7 8 2 0
*
8 7 13 14 8 7 0 12 7 2 12 7 8 2 0
*
8 7 13 14 8 7 0 12 7 2 12 7 8 2 0
*
8 7 13 14 8 7 0 12 7 2 12 7 13 2 10
*
8 7 13 14 8 7 0 8 7 2 12 7 8 2 10
*
8 7 13 14 8 7 0 8 7 2 12 7 8 2 0
*
8 7 13 14 8 7 0 8 7 2 12 7 8 2 0
*
8 7 13 14 8 7 0 12 7 2 12 7 8 2 0
*
8 7 13 2 8 7 0 12 7 2 12 7 8 2 10
*
8 12 13 14 8 7 0 12 7 2 12 7 8 2 10
*
8 12 13 14 8 7 0 12 7 2 12 7 8 2 0
*
8 12 13 14 8 7 0 12 7 2 12 7 8 2 0
*
8 7 13 14 8 7 0 8 7 2 12 7 8 2 0
*
8 7 13 14 8 7 0 12 7 2 12 7 8 2 0
*
8 7 13 14 8 7 0 12 7 2 12 7 8 2 0
*
8 7 13 14 8 7 0 12 7 2 12 7 8 2 0
*
8 7 13 14 8 7 0 12 7 2 12 7 8 2 0
*
8 7 13 14 8 7 0 12 7 2 12 7 8 2 0
*
8 7 13 14 8 7 0 12 7 2 12 7 8 2 0
*
8 7 13 14 8 7 0 12 7 2 12 7 8 2 0
*
8 7 13 14 8 7 0 12 7 2 12 7 8 2 0
*
8 7 13 14 8 7 0 12 7 2 12 7 8 2 0
*
8 7 13 14 8 7 0 12 7 2 12 7 8 2 0
*
8 7 13 14 8 7 0 12 7 2 12 7 8 2 0
*
8 7 13 14 8 7 0 12 7 2 12 7 8 2 0
*
8 7 13 14 8 7 0 12 7 2 12 7 8 2 0
*
8 7 13 14 8 7 0 12 7 2 12 7 8 2 0
*
8 7 13 14 8 7 0 12 7 2 12 7 8 2 0
*
8 7 13 14 8 7 0 12 7 2 12 7 8 2 0
*
8 7 13 14 8 7 0 12 7 2 12 7 8 2 0
*
8 7 13 14 8 7 0 12 7 2 12 7 8 2 0
